52.293, 16.995
52.315, 16.965
52.312, 16.946
52.324, 16.924
52.329, 16.926
52.340, 16.900
52.355, 16.902
52.360, 16.865
52.347, 16.842
52.356, 16.827
52.371, 16.834
52.379, 16.825
52.376, 16.791
52.391, 16.811
52.410, 16.795
52.435, 16.801
52.466, 16.777
52.456, 16.753
52.464, 16.733
52.483, 16.783
52.474, 16.792
52.479, 16.796
52.477, 16.812
52.471, 16.818
52.469, 16.830
52.476, 16.843
52.475, 16.853
52.466, 16.859
52.464, 16.896
52.472, 16.901
52.479, 16.889
52.494, 16.888
52.501, 16.905
52.497, 16.908
52.501, 16.943
52.507, 16.947
52.509, 16.970
52.489, 16.976
52.473, 16.971
52.456, 16.978
52.452, 16.970
52.441, 16.976
52.438, 17.009
52.449, 17.019
52.438, 17.025
52.431, 17.006
52.427, 17.011
52.428, 17.040
52.421, 17.053
52.427, 17.071
52.416, 17.066
52.408, 17.045
52.402, 17.036
52.394, 17.050
52.358, 17.058
52.330, 17.038
52.337, 17.014
52.330, 17.007
52.337, 16.999
52.324, 16.983
52.313, 17.001
52.307, 16.993
52.302, 16.996
52.296, 17.002
52.293, 16.995